20
9 0
10 13
33
20
3
1 2 3
0  0  0  0  0  0  0  0  0  0  0  0  0  0  0  0  0  0  0  0
1  1  1  1  1  1  1  1  1  1  1  1  1  1  1  1  1  1  1  1
0  0  0  0  0  0  0  0  1  0  0  0  0  0  0  0  0  0  0  1
0  1  1  1  1  1  1  1  1  0  1  1  1  1  1  1  1  1  1  1
0  1  0  0  1  0  0  0  0  0  1  0  0  0  0  0  0  0  0  1
1  1  1  0  1  0  1  1  1  0  1  1  1  1  1  1  1  1  0  1
1  0  1  0  1  0  0  0  1  0  1  0  0  0  0  0  0  1  0  1
1  0  1  0  1  1  1  1  1  0  1  0  0  0  0  1  0  1  0  1
0  0  1  0  0  0  0  0  0  0  1  1  1  1  0  1  0  1  0  1
1  1  1  1  1  1  1  1  1  0  0  0  0  1  0  1  0  1  0  1
0  0  0  1  0  0  0  0  1  1  1  0  0  1  0  1  0  1  0  1
0  1  0  1  1  1  1  0  0  0  1  0  1  0  0  1  0  1  0  1
0  1  0  1  0  0  0  0  1  0  1  0  1  1  1  1  0  1  0  1
0  1  0  1  0  1  1  1  1  1  1  1  1  0  1  0  0  1  0  1
0  1  0  1  0  0  0  0  1  0  1  0  1  0  1  0  0  1  0  1
0  1  0  1  1  1  1  0  1  0  1  0  1  0  1  0  0  1  0  1
0  1  0  1  0  0  0  0  1  0  0  0  1  0  1  0  0  1  0  1
0  1  0  1  1  1  1  1  1  1  1  1  1  0  1  0  0  1  0  1
0  1  0  0  0  0  0  0  0  1  0  0  0  0  1  0  0  0  0  1
0  1  1  1  1  1  1  1  1  1  0  1  1  1  1  1  1  1  1  1
